9997424852
9842289705
9999708088
9949592278
9470245034
9566044434
9891914818
9555673840
9713932201
9246199625
9968480880
9972914519
9890743554
9963957000
9995084958
9741351858
9308719128
9790006926
9818845141
9766332583
9451192734
9415224086
9677291917
9441322530
9949031458
9904000236
9647232098
9444176793
9815425585
9442210608
9847401501
9989022816
9711175074
9894976397
9845141054
9810144862
9869213141
9845377490
9334071896
9999892669
9901556869
9582951060
9831171597
9873424510
9460626664
9845489525
9867933050
9841521307
9868200530
9881400638
9970071249
9767752982
9986049281
9820275177
9845062593
9920822843
9443425164
9551078886
9949155777
9692536663
9876122988
9818880337
9820108015
9425606992
9987091911
9086014157
9940641663
9944422056
9999842700
9891023450
9652186687
9752246411
9937065232
8010324138
9304938057
9948257788
9894122822
8015128179
9650994796
9821313353
9971878070
9841621412
9819013640
9925991390
9704013550
9890919647
9989070350
9709018956
9703812046
9603525500
9874200904
9027882440
9810155209
9000907027
9665853898
9444268395
9891770981
9810561939
9859187552
8008471818
9999917659
9818118684
9884328013
9884308880
9311485458
9900214275
9926544636
9918889442
8129141440
9022068663
9740387030
9333213722
9894732468
9471606433
9323931964
9730018450
9000008468
9381734664
9926274847
9903780997
9926062140
8897161524
9616328024
9793800000
9899718733
9003062243
9790267902
9771432700
9811537902
9989244739
9962010126
9849244524
9431548305
9871093853
9415461459
9717691313
9444045509
9229105963
9341219067
9623452355
9873006331
9839030048
9886878906
9003077499
9934334621
8986871017
9810947746
9437039073
9031056296
9311113903
9926441203
9811725265
9945641531
9885538385
9600087527
9443800089
9873439000
9434003286
9428694036
9829036868
9427659005
9975548133
9902249376
9887924268
9219619029
9985233334
9440279696
8055156189
9971292002
9809748458
9845679282
9925017495
9818575052
9904711052
9334488339
9491140474
9873728364
9968411225
9440780352
9566111233
9868091294
9989119008
9969224462
9789870168
9373841992
9555380743
9930451448
9895690706
9895980836
9304896089
9391065333
9611219556
9974290588
9833531707
9444906695
9885395683
9629049054
9685984500
9052445321
9884377583
9866324436
